{
  "camera_angle_x": 0.9266111700157206,
  "camera_angle_y": 0.25307150262390454,
  "fl_x": 320.2738065018194,
  "fl_y": 943.2817384254054,
  "k1": 1.0922248304711528,
  "k2": -1.533411025867361,
  "p1": -0.5734421596419595,
  "p2": -0.08617647748140664,
  "cx": 179.0318812465163,
  "cy": 102.0593363604372,
  "w": 320.0,
  "h": 240.0,
  "aabb_scale": 16,
  "frames": [
    {
      "file_path": "./images/00004.png",
      "sharpness": 254.86373974541556,
      "transform_matrix": [
        [
          -0.21900826014413746,
          0.013993059289191376,
          0.9756226608228585,
          0.2329952464658972
        ],
        [
          0.9606598891749114,
          -0.17192527797422466,
          0.21811528172951256,
          0.00840216145138787
        ],
        [
          0.17078629722904246,
          0.9850106055850486,
          0.02421048521795959,
          0.24837810758016168
        ],
        [
          0.0,
          0.0,
          0.0,
          1.0
        ]
      ]
    },
    {
      "file_path": "./images/00011.png",
      "sharpness": 868.4770338948568,
      "transform_matrix": [
        [
          -0.05933145697237506,
          -0.009849021736064978,
          0.9981897490032069,
          4.695778043609507
        ],
        [
          0.9978631203126125,
          0.02682913527861125,
          0.05957676241783228,
          0.6166502881908744
        ],
        [
          -0.027367340637747657,
          0.9995915137203505,
          0.008236163876187714,
          0.1495286261956472
        ],
        [
          0.0,
          0.0,
          0.0,
          1.0
        ]
      ]
    },
    {
      "file_path": "./images/00003.png",
      "sharpness": 222.3722987126668,
      "transform_matrix": [
        [
          -0.16394990335551954,
          0.03481136633131792,
          0.9858542478452735,
          6.011091656089151
        ],
        [
          0.9674598176419761,
          -0.18957017661495007,
          0.16758475284566526,
          -1.0986807913523269
        ],
        [
          0.19272241810348117,
          0.9812498748748615,
          -0.002598585987654979,
          -1.1272781603640867
        ],
        [
          0.0,
          0.0,
          0.0,
          1.0
        ]
      ]
    },
    {
      "file_path": "./images/00007.png",
      "sharpness": 484.6381396314833,
      "transform_matrix": [
        [
          -0.07178915089905767,
          0.03291384711865087,
          0.9968766205061436,
          7.564987810064725
        ],
        [
          0.9950596878588692,
          -0.06635162031885954,
          0.07384903573699443,
          0.006698932891327316
        ],
        [
          0.06857503490067869,
          0.9972532984049206,
          -0.027987915956651614,
          -1.0043775212168755
        ],
        [
          0.0,
          0.0,
          0.0,
          1.0
        ]
      ]
    },
    {
      "file_path": "./images/00005.png",
      "sharpness": 249.38824700910783,
      "transform_matrix": [
        [
          -0.18719657849951904,
          0.020391754081247226,
          0.9821107969034201,
          2.5882024832275463
        ],
        [
          0.9705257255211474,
          -0.15063908740335893,
          0.18811613819113357,
          0.6957007409725441
        ],
        [
          0.1517802922032243,
          0.9883784911367671,
          0.008408399825847653,
          0.14716225391887416
        ],
        [
          0.0,
          0.0,
          0.0,
          1.0
        ]
      ]
    },
    {
      "file_path": "./images/00009.png",
      "sharpness": 531.7171238930597,
      "transform_matrix": [
        [
          -0.062175761282661245,
          -0.010540785732977159,
          0.9980095523469504,
          4.7280331194291385
        ],
        [
          0.9979783020719197,
          0.012539508392381778,
          0.06230625428428382,
          0.6284388445527272
        ],
        [
          -0.013171306033566796,
          0.9998658172955626,
          0.009739821967893894,
          0.14983018049031796
        ],
        [
          0.0,
          0.0,
          0.0,
          1.0
        ]
      ]
    },
    {
      "file_path": "./images/00006.png",
      "sharpness": 439.0998638888888,
      "transform_matrix": [
        [
          -0.14947269872765354,
          0.002214578922738731,
          0.9887633731110668,
          2.4297146468477893
        ],
        [
          0.9861847493270793,
          -0.07187425842217585,
          0.14924386476823853,
          0.2951700937842871
        ],
        [
          0.0713971465146309,
          0.9974112424907885,
          0.008559255415625263,
          0.0825235347858353
        ],
        [
          0.0,
          0.0,
          0.0,
          1.0
        ]
      ]
    },
    {
      "file_path": "./images/00008.png",
      "sharpness": 461.62191137627497,
      "transform_matrix": [
        [
          -0.11046811719369265,
          -0.02989698940337123,
          0.9934298994589414,
          5.846265459873322
        ],
        [
          0.9938556377206055,
          0.0036278195540627805,
          0.11062463693166943,
          1.953514462253933
        ],
        [
          -0.006911328012945688,
          0.9995464016145609,
          0.029312533073758022,
          0.4359174868845674
        ],
        [
          0.0,
          0.0,
          0.0,
          1.0
        ]
      ]
    },
    {
      "file_path": "./images/00013.png",
      "sharpness": 743.8799953882854,
      "transform_matrix": [
        [
          0.07449619930047384,
          -0.03792901692965341,
          0.9964997270422314,
          0.257391330005004
        ],
        [
          0.8218510971935474,
          0.5683098117110478,
          -0.039808691949468886,
          0.10880606704805457
        ],
        [
          -0.5648106676945824,
          0.8219399902720872,
          0.07350892517674933,
          0.24339899286186598
        ],
        [
          0.0,
          0.0,
          0.0,
          1.0
        ]
      ]
    },
    {
      "file_path": "./images/00010.png",
      "sharpness": 737.8988291949801,
      "transform_matrix": [
        [
          -0.05728853343745203,
          -0.016108792754069755,
          0.9982276948488756,
          4.582034179498198
        ],
        [
          0.9975593375965117,
          0.03905414578123267,
          0.05788040835480691,
          0.5783725187347274
        ],
        [
          -0.039917313420200336,
          0.999107241753345,
          0.013832121892770046,
          0.14581056566914674
        ],
        [
          0.0,
          0.0,
          0.0,
          1.0
        ]
      ]
    }
  ]
}